Epoch	     Train Loss	     Val Loss     Train Accuracy    Val Accuracy
========================================================================
1		1.54		1.13		42.64		58.74

2		1.16		1.08		58.16		62.96

3		1.01		0.78		63.98		72.38

4		0.93		0.75		67.14		73.60

5		0.87		0.73		69.33		75.13

6		0.81		0.64		71.32		78.17

7		0.79		0.62		72.37		78.52

8		0.76		0.58		73.40		79.80

9		0.73		0.61		74.37		78.75

10		0.71		0.55		75.00		80.93

11		0.69		0.55		75.96		81.00

12		0.68		0.59		76.34		80.60

13		0.66		0.52		76.95		82.20

14		0.65		0.53		77.36		81.90

15		0.64		0.53		77.43		82.09

16		0.57		0.44		79.97		84.58

17		0.55		0.44		80.86		85.11

18		0.54		0.44		80.94		84.85

19		0.54		0.43		81.01		85.34

20		0.53		0.43		81.37		85.35

21		0.54		0.42		81.05		85.50

22		0.52		0.42		81.88		85.75

23		0.52		0.42		81.73		85.75

24		0.52		0.42		81.76		85.80

25		0.52		0.42		81.88		85.77

26		0.52		0.42		81.89		85.78

27		0.52		0.42		81.85		85.73

28		0.52		0.42		81.89		85.87

29		0.51		0.42		81.97		85.82

30		0.52		0.42		81.85		85.81

=========================================================================

